HIEROBJ  EWORLD                                             NONE                
ROOT                                                                            
1.0000000000000E+00 0.000000000000E+00  0.000000000000E+00  0.000000000000E+00  
0.000000000000E+00  1.0000000000000E+00 0.000000000000E+00  0.000000000000E+00  
0.000000000000E+00  0.000000000000E+00  1.0000000000000E+00 0.000000000000E+00  
0.000000000000E+00  0.000000000000E+00  0.000000000000E+00  1.0000000000000E+00 
HIEROBJ  EHIEROBJECT1                                       NONE                
BODYNCBF  WORLD                                   BODY1                         
1.0000000000000E+00 0.000000000000E+00  0.000000000000E+00  0.000000000000E+00  
0.000000000000E+00  1.0000000000000E+00 0.000000000000E+00  0.000000000000E+00  
0.000000000000E+00  0.000000000000E+00  1.0000000000000E+00 0.000000000000E+00  
0.000000000000E+00  0.000000000000E+00  0.000000000000E+00  1.0000000000000E+00 
HIEROBJ  EHIEROBJECT2                                       NONE                
CGTRIAD   HIEROBJECT1                                                           
1.0000000000000E+00 0.000000000000E+00  0.000000000000E+00  0.000000000000E+00  
0.000000000000E+00  1.0000000000000E+00 0.000000000000E+00  0.000000000000E+00  
0.000000000000E+00  0.000000000000E+00  1.0000000000000E+00 0.000000000000E+00  
0.000000000000E+00  0.000000000000E+00  0.000000000000E+00  1.0000000000000E+00 
HIEROBJ  EHIEROBJECT3                                       NONE                
BODYNCBF  WORLD                                   BODY2                         
1.0000000000000E+00 0.000000000000E+00  0.000000000000E+00  0.000000000000E+00  
0.000000000000E+00  1.0000000000000E+00 0.000000000000E+00  0.000000000000E+00  
0.000000000000E+00  0.000000000000E+00  1.0000000000000E+00 0.000000000000E+00  
0.000000000000E+00  0.000000000000E+00  0.000000000000E+00  1.0000000000000E+00 
HIEROBJ  EHIEROBJECT4                                       NONE                
CGTRIAD   HIEROBJECT3                                                           
1.0000000000000E+00 0.000000000000E+00  0.000000000000E+00  0.000000000000E+00  
0.000000000000E+00  1.0000000000000E+00 0.000000000000E+00  0.000000000000E+00  
0.000000000000E+00  0.000000000000E+00  1.0000000000000E+00 0.000000000000E+00  
0.000000000000E+00  0.000000000000E+00  0.000000000000E+00  1.0000000000000E+00 
HIEROBJ  EHIEROBJECT5                                       NONE                
BODYNCBF  WORLD                                   BODY3                         
1.0000000000000E+00 0.000000000000E+00  0.000000000000E+00  0.000000000000E+00  
0.000000000000E+00  1.0000000000000E+00 0.000000000000E+00  0.000000000000E+00  
0.000000000000E+00  0.000000000000E+00  1.0000000000000E+00 0.000000000000E+00  
0.000000000000E+00  0.000000000000E+00  0.000000000000E+00  1.0000000000000E+00 
HIEROBJ  EHIEROBJECT6                                       NONE                
CGTRIAD   HIEROBJECT5                                                           
1.0000000000000E+00 0.000000000000E+00  0.000000000000E+00  0.000000000000E+00  
0.000000000000E+00  1.0000000000000E+00 0.000000000000E+00  0.000000000000E+00  
0.000000000000E+00  0.000000000000E+00  1.0000000000000E+00 0.000000000000E+00  
0.000000000000E+00  0.000000000000E+00  0.000000000000E+00  1.0000000000000E+00 
HIEROBJ  EHIEROBJECT7                                       NONE                
BODYNCBF  WORLD                                   BODY4                         
1.0000000000000E+00 0.000000000000E+00  0.000000000000E+00  0.000000000000E+00  
0.000000000000E+00  1.0000000000000E+00 0.000000000000E+00  0.000000000000E+00  
0.000000000000E+00  0.000000000000E+00  1.0000000000000E+00 0.000000000000E+00  
0.000000000000E+00  0.000000000000E+00  0.000000000000E+00  1.0000000000000E+00 
HIEROBJ  EHIEROBJECT8                                       NONE                
CGTRIAD   HIEROBJECT7                                                           
1.0000000000000E+00 0.000000000000E+00  0.000000000000E+00  0.000000000000E+00  
0.000000000000E+00  1.0000000000000E+00 0.000000000000E+00  0.000000000000E+00  
0.000000000000E+00  0.000000000000E+00  1.0000000000000E+00 0.000000000000E+00  
0.000000000000E+00  0.000000000000E+00  0.000000000000E+00  1.0000000000000E+00 
HIEROBJ  EHIEROBJECT9                                       NONE                
BODYNCBF  WORLD                                   BODY5                         
1.0000000000000E+00 0.000000000000E+00  0.000000000000E+00  0.000000000000E+00  
0.000000000000E+00  1.0000000000000E+00 0.000000000000E+00  0.000000000000E+00  
0.000000000000E+00  0.000000000000E+00  1.0000000000000E+00 0.000000000000E+00  
0.000000000000E+00  0.000000000000E+00  0.000000000000E+00  1.0000000000000E+00 
HIEROBJ  EHIEROBJECT10                                      NONE                
CGTRIAD   HIEROBJECT9                                                           
1.0000000000000E+00 0.000000000000E+00  0.000000000000E+00  0.000000000000E+00  
0.000000000000E+00  1.0000000000000E+00 0.000000000000E+00  0.000000000000E+00  
0.000000000000E+00  0.000000000000E+00  1.0000000000000E+00 0.000000000000E+00  
0.000000000000E+00  0.000000000000E+00  0.000000000000E+00  1.0000000000000E+00 
HIEROBJ  EHIEROBJECT11                                      NONE                
BODYNCBF  WORLD                                   BODY6                         
1.0000000000000E+00 0.000000000000E+00  0.000000000000E+00  0.000000000000E+00  
0.000000000000E+00  1.0000000000000E+00 0.000000000000E+00  0.000000000000E+00  
0.000000000000E+00  0.000000000000E+00  1.0000000000000E+00 0.000000000000E+00  
0.000000000000E+00  0.000000000000E+00  0.000000000000E+00  1.0000000000000E+00 
HIEROBJ  EHIEROBJECT12                                      NONE                
CGTRIAD   HIEROBJECT11                                                          
1.0000000000000E+00 0.000000000000E+00  0.000000000000E+00  0.000000000000E+00  
0.000000000000E+00  1.0000000000000E+00 0.000000000000E+00  0.000000000000E+00  
0.000000000000E+00  0.000000000000E+00  1.0000000000000E+00 0.000000000000E+00  
0.000000000000E+00  0.000000000000E+00  0.000000000000E+00  1.0000000000000E+00 
HIEROBJ  EHIEROBJECT13                                      NONE                
JFCTRIAD  HIEROBJECT1                                                           
2.2985086056693E-16 -1.178616427542E-01 -9.930300263171E-01 0.000000000000E+00  
9.9873893898339E-01 4.9854970936354E-02 -5.917231723408E-03 0.000000000000E+00  
5.0204897752443E-02 -9.917777548626E-01 1.1771301203115E-01 0.000000000000E+00  
9.7349670071580E-02 2.9234575953908E-01 1.2234615965560E-01 1.0000000000000E+00 
HIEROBJ  EHIEROBJECT14                                      NONE                
JFCTRIAD  HIEROBJECT3                                                           
2.2204460492503E-16 -1.178616427542E-01 -9.930300263171E-01 0.000000000000E+00  
-9.987389389834E-01 -4.985497093635E-02 5.9172317234083E-03 0.000000000000E+00  
-5.020489775244E-02 9.9177775486256E-01 -1.177130120311E-01 0.000000000000E+00  
9.0857961281547E-02 2.9487016202296E-01 1.4850776873123E-01 1.0000000000000E+00 
HIEROBJ  EHIEROBJECT15                                      NONE                
JFCTRIAD  HIEROBJECT5                                                           
2.2204460492503E-16 -1.178616427542E-01 -9.930300263171E-01 0.000000000000E+00  
-9.987389389834E-01 -4.985497093635E-02 5.9172317234083E-03 0.000000000000E+00  
-5.020489775244E-02 9.9177775486256E-01 -1.177130120311E-01 0.000000000000E+00  
9.0857961281547E-02 2.9487016202296E-01 1.4850776873123E-01 1.0000000000000E+00 
HIEROBJ  EHIEROBJECT16                                      NONE                
JFCTRIAD  HIEROBJECT5                                                           
2.2985086056693E-16 -1.178616427542E-01 -9.930300263171E-01 0.000000000000E+00  
9.9873893898339E-01 4.9854970936354E-02 -5.917231723408E-03 0.000000000000E+00  
5.0204897752443E-02 -9.917777548626E-01 1.1771301203115E-01 0.000000000000E+00  
9.7349670071580E-02 2.9234575953908E-01 1.2234615965560E-01 1.0000000000000E+00 
HIEROBJ  EHIEROBJECT17                                      NONE                
JFCTRIAD  HIEROBJECT7                                                           
2.2898349882894E-16 1.1786164275418E-01 9.9303002631707E-01 0.000000000000E+00  
9.9873893898339E-01 4.9854970936354E-02 -5.917231723409E-03 0.000000000000E+00  
-5.020489775244E-02 9.9177775486256E-01 -1.177130120311E-01 0.000000000000E+00  
1.1241318661094E-01 2.9572397028203E-01 1.4438426668965E-01 1.0000000000000E+00 
HIEROBJ  EHIEROBJECT18                                      NONE                
JFCTRIAD  HIEROBJECT7                                                           
2.3245294578089E-16 1.1786164275418E-01 9.9303002631707E-01 0.000000000000E+00  
9.9873893898339E-01 4.9854970936354E-02 -5.917231723409E-03 0.000000000000E+00  
-5.020489775244E-02 9.9177775486256E-01 -1.177130120311E-01 0.000000000000E+00  
1.4131616169673E-01 2.9914721933625E-01 1.6089927483411E-01 1.0000000000000E+00 
HIEROBJ  EHIEROBJECT19                                      NONE                
JFCTRIAD  HIEROBJECT9                                                           
0.000000000000E+00  1.1786164275418E-01 9.9303002631707E-01 0.000000000000E+00  
9.9873893898339E-01 4.9854970936355E-02 -5.917231723409E-03 0.000000000000E+00  
-5.020489775244E-02 9.9177775486256E-01 -1.177130120312E-01 0.000000000000E+00  
1.1433526369206E-01 2.9490471267717E-01 1.3666193306107E-01 1.0000000000000E+00 
HIEROBJ  EHIEROBJECT20                                      NONE                
JFCTRIAD  HIEROBJECT9                                                           
0.000000000000E+00  1.1786164275418E-01 9.9303002631707E-01 0.000000000000E+00  
9.9873893898339E-01 4.9854970936355E-02 -5.917231723409E-03 0.000000000000E+00  
-5.020489775244E-02 9.9177775486256E-01 -1.177130120311E-01 0.000000000000E+00  
1.4695713949646E-01 2.9567532425344E-01 1.2924132165035E-01 1.0000000000000E+00 
HIEROBJ  EHIEROBJECT21                                      NONE                
JFCTRIAD  HIEROBJECT11                                                          
2.2898349882894E-16 1.1786164275418E-01 9.9303002631707E-01 0.000000000000E+00  
9.9873893898339E-01 4.9854970936354E-02 -5.917231723409E-03 0.000000000000E+00  
-5.020489775244E-02 9.9177775486256E-01 -1.177130120311E-01 0.000000000000E+00  
1.1241318661094E-01 2.9572397028203E-01 1.4438426668965E-01 1.0000000000000E+00 
HIEROBJ  EHIEROBJECT22                                      NONE                
JFCTRIAD  HIEROBJECT11                                                          
0.000000000000E+00  1.1786164275418E-01 9.9303002631707E-01 0.000000000000E+00  
9.9873893898339E-01 4.9854970936355E-02 -5.917231723409E-03 0.000000000000E+00  
-5.020489775244E-02 9.9177775486256E-01 -1.177130120312E-01 0.000000000000E+00  
1.1433526369206E-01 2.9490471267717E-01 1.3666193306107E-01 1.0000000000000E+00 
HIEROBJ  EHIEROBJECT23                                      NONE                
JFCTRIAD  HIEROBJECT11                                                          
2.3245294578089E-16 1.1786164275418E-01 9.9303002631707E-01 0.000000000000E+00  
9.9873893898339E-01 4.9854970936354E-02 -5.917231723409E-03 0.000000000000E+00  
-5.020489775244E-02 9.9177775486256E-01 -1.177130120311E-01 0.000000000000E+00  
1.4131616169673E-01 2.9914721933625E-01 1.6089927483411E-01 1.0000000000000E+00 
HIEROBJ  EHIEROBJECT24                                      NONE                
JFCTRIAD  HIEROBJECT11                                                          
0.000000000000E+00  1.1786164275418E-01 9.9303002631707E-01 0.000000000000E+00  
9.9873893898339E-01 4.9854970936355E-02 -5.917231723409E-03 0.000000000000E+00  
-5.020489775244E-02 9.9177775486256E-01 -1.177130120311E-01 0.000000000000E+00  
1.4695713949646E-01 2.9567532425344E-01 1.2924132165035E-01 1.0000000000000E+00 
HIEROBJ  EHIEROBJECT25                                      NONE                
JFCTRIAD  HIEROBJECT11                                                          
1.0000000000000E+00 0.000000000000E+00  0.000000000000E+00  0.000000000000E+00  
0.000000000000E+00  1.0000000000000E+00 0.000000000000E+00  0.000000000000E+00  
0.000000000000E+00  0.000000000000E+00  1.0000000000000E+00 0.000000000000E+00  
0.000000000000E+00  0.000000000000E+00  0.000000000000E+00  1.0000000000000E+00 
NAMEMAP   WORLD               5    5    UTF8 UTF8 ELEMENT                       
WORLD                                                                           
WORLD                                                                           
NAMEMAP   HIEROBJECT1         14   14   UTF8 UTF8 ELEMENT                       
B001/B001_NCBF                                                                  
B001/B001_NCBF                                                                  
NAMEMAP   HIEROBJECT2         12   12   UTF8 UTF8 ELEMENT                       
B001/B001_cm                                                                    
B001/B001_cm                                                                    
NAMEMAP   HIEROBJECT3         14   14   UTF8 UTF8 ELEMENT                       
B002/B002_NCBF                                                                  
B002/B002_NCBF                                                                  
NAMEMAP   HIEROBJECT4         12   12   UTF8 UTF8 ELEMENT                       
B002/B002_cm                                                                    
B002/B002_cm                                                                    
NAMEMAP   HIEROBJECT5         14   14   UTF8 UTF8 ELEMENT                       
B003/B003_NCBF                                                                  
B003/B003_NCBF                                                                  
NAMEMAP   HIEROBJECT6         12   12   UTF8 UTF8 ELEMENT                       
B003/B003_cm                                                                    
B003/B003_cm                                                                    
NAMEMAP   HIEROBJECT7         14   14   UTF8 UTF8 ELEMENT                       
B004/B004_NCBF                                                                  
B004/B004_NCBF                                                                  
NAMEMAP   HIEROBJECT8         12   12   UTF8 UTF8 ELEMENT                       
B004/B004_cm                                                                    
B004/B004_cm                                                                    
NAMEMAP   HIEROBJECT9         14   14   UTF8 UTF8 ELEMENT                       
B005/B005_NCBF                                                                  
B005/B005_NCBF                                                                  
NAMEMAP   HIEROBJECT10        12   12   UTF8 UTF8 ELEMENT                       
B005/B005_cm                                                                    
B005/B005_cm                                                                    
NAMEMAP   HIEROBJECT11        26   26   UTF8 UTF8 ELEMENT                       
the_ground/the_ground_NCBF                                                      
the_ground/the_ground_NCBF                                                      
NAMEMAP   HIEROBJECT12        13   13   UTF8 UTF8 ELEMENT                       
the_ground_cm                                                                   
the_ground_cm                                                                   
NAMEMAP   HIEROBJECT13        4    11   UTF8 UTF8 ELEMENT                       
3/75                                                                            
B001/J002_i                                                                     
NAMEMAP   HIEROBJECT14        5    11   UTF8 UTF8 ELEMENT                       
15/48                                                                           
B002/J001_i                                                                     
NAMEMAP   HIEROBJECT15        5    11   UTF8 UTF8 ELEMENT                       
27/49                                                                           
B003/J001_j                                                                     
NAMEMAP   HIEROBJECT16        5    11   UTF8 UTF8 ELEMENT                       
27/76                                                                           
B003/J002_j                                                                     
NAMEMAP   HIEROBJECT17        6    11   UTF8 UTF8 ELEMENT                       
99/116                                                                          
B004/J004_i                                                                     
NAMEMAP   HIEROBJECT18        6    11   UTF8 UTF8 ELEMENT                       
99/188                                                                          
B004/J006_i                                                                     
NAMEMAP   HIEROBJECT19        7    11   UTF8 UTF8 ELEMENT                       
135/154                                                                         
B005/J005_i                                                                     
NAMEMAP   HIEROBJECT20        7    11   UTF8 UTF8 ELEMENT                       
135/212                                                                         
B005/J007_i                                                                     
NAMEMAP   HIEROBJECT21        5    17   UTF8 UTF8 ELEMENT                       
2/117                                                                           
the_ground/J004_j                                                               
NAMEMAP   HIEROBJECT22        5    17   UTF8 UTF8 ELEMENT                       
2/155                                                                           
the_ground/J005_j                                                               
NAMEMAP   HIEROBJECT23        5    17   UTF8 UTF8 ELEMENT                       
2/189                                                                           
the_ground/J006_j                                                               
NAMEMAP   HIEROBJECT24        5    17   UTF8 UTF8 ELEMENT                       
2/213                                                                           
the_ground/J007_j                                                               
NAMEMAP   HIEROBJECT25        1    14   UTF8 UTF8 ELEMENT                       
1                                                                               
the_ground/gnd                                                                  
NAMEMAP   CURRENT_DIRECTORY   49   0    UTF8 UTF8 FILE                          
D:\MASTER STIM SEM2 AN2\sisteme multicorp\proiect                               
SYSTEM   GMETER               DYNAMIC             SPARSE    FULL_NCBF      TRUE 
9.8066500000000E+00 0.000000000000E+00  0.000000000000E+00  -1.000000000000E+00 
1.0000000000000E+00 0.000000000000E+00  0.000000000000E+00  1.0000000000000E+00 
1.0000000000000E-09 1.0000000000000E-03 NULL_FALSEBINARY_ONLFALSEKILOGNEWTO    1
NONE                NONE                    1NONE                FALSEITERAFALSE
NONE      TRUE      NONE                                                        
NONE                                                                            
HEADER                                                                          
SET_IASIZE =    5000000;                                                        
SET_DASIZE =    5000000;                                                        
SDK_BUILD_INFO = RC2506P1400rc1 2025-04-25                                      
BDFEPS = 1.0000000000000E-05                                                    
BDFMAXORDER = 5                                                                 
ALLOWRDNUPDATE = FALSE                                                          
MAXBDFITER = 5                                                                  
END                                                                             
DYNAMIC  ETRUE      INTERPOLATED        GLOBAL    BDF           1     HARWELL   
1.0000000000000E+00 1.0000000000000E-03 1.0000000000000E-03 1.0000000000000E-03 
NONE                QR       1TRUE                                              
PRELOAD  F          0.000000000000E+00      0                                   
NONE                                                                            
NONE                                                                            
NCBF     EBODY1_REF           BODY1               PARAMETERSPOSITIVE            
HIEROBJECT1                                                                     
0.000000000000E+00  0.000000000000E+00  0.000000000000E+00                      
BODY     EBODY1               POSITIVE  PARAMETERSFALSEFALSEFALSEFALSE          
NONE                NONE                NONE                                    
NONE                NONE                NONE                                    
HIEROBJECT2                                                                     
0.000000000000E+00  0.000000000000E+00  0.000000000000E+00                      
1.0000000000000E-08 1.0000000000000E-08 1.0000000000000E-08 1.0000000000000E-08 
0.000000000000E+00  0.000000000000E+00  0.000000000000E+00                      
0.000000000000E+00  0.000000000000E+00  0.000000000000E+00  TRUE                
0.000000000000E+00  0.000000000000E+00  0.000000000000E+00                      
NCBF     EBODY2_REF           BODY2               PARAMETERSPOSITIVE            
HIEROBJECT3                                                                     
0.000000000000E+00  0.000000000000E+00  0.000000000000E+00                      
BODY     EBODY2               POSITIVE  PARAMETERSFALSEFALSEFALSEFALSE          
NONE                NONE                NONE                                    
NONE                NONE                NONE                                    
HIEROBJECT4                                                                     
0.000000000000E+00  0.000000000000E+00  0.000000000000E+00                      
1.0000000000000E-08 1.0000000000000E-08 1.0000000000000E-08 1.0000000000000E-08 
0.000000000000E+00  0.000000000000E+00  0.000000000000E+00                      
0.000000000000E+00  0.000000000000E+00  0.000000000000E+00  TRUE                
0.000000000000E+00  0.000000000000E+00  0.000000000000E+00                      
NCBF     EBODY3_REF           BODY3               PARAMETERSPOSITIVE            
HIEROBJECT5                                                                     
0.000000000000E+00  0.000000000000E+00  0.000000000000E+00                      
BODY     EBODY3               POSITIVE  PARAMETERSTRUE FALSEFALSEFALSE          
NONE                NONE                NONE                                    
NONE                NONE                NONE                                    
HIEROBJECT6                                                                     
0.000000000000E+00  0.000000000000E+00  0.000000000000E+00                      
1.0000000000000E-08 1.0000000000000E-08 1.0000000000000E-08 1.0000000000000E-08 
0.000000000000E+00  0.000000000000E+00  0.000000000000E+00                      
0.000000000000E+00  0.000000000000E+00  0.000000000000E+00  TRUE                
0.000000000000E+00  0.000000000000E+00  0.000000000000E+00                      
NCBF     EBODY4_REF           BODY4               PARAMETERSPOSITIVE            
HIEROBJECT7                                                                     
0.000000000000E+00  0.000000000000E+00  0.000000000000E+00                      
BODY     EBODY4               POSITIVE  PARAMETERSFALSEFALSEFALSEFALSE          
NONE                NONE                NONE                                    
NONE                NONE                NONE                                    
HIEROBJECT8                                                                     
0.000000000000E+00  0.000000000000E+00  0.000000000000E+00                      
1.0000000000000E-08 1.0000000000000E-08 1.0000000000000E-08 1.0000000000000E-08 
0.000000000000E+00  0.000000000000E+00  0.000000000000E+00                      
0.000000000000E+00  0.000000000000E+00  0.000000000000E+00  TRUE                
0.000000000000E+00  0.000000000000E+00  0.000000000000E+00                      
NCBF     EBODY5_REF           BODY5               PARAMETERSPOSITIVE            
HIEROBJECT9                                                                     
0.000000000000E+00  0.000000000000E+00  0.000000000000E+00                      
BODY     EBODY5               POSITIVE  PARAMETERSFALSEFALSEFALSEFALSE          
NONE                NONE                NONE                                    
NONE                NONE                NONE                                    
HIEROBJECT10                                                                    
0.000000000000E+00  0.000000000000E+00  0.000000000000E+00                      
1.0000000000000E-08 1.0000000000000E-08 1.0000000000000E-08 1.0000000000000E-08 
0.000000000000E+00  0.000000000000E+00  0.000000000000E+00                      
0.000000000000E+00  0.000000000000E+00  0.000000000000E+00  TRUE                
0.000000000000E+00  0.000000000000E+00  0.000000000000E+00                      
NCBF     EBODY6_REF           BODY6               PARAMETERSPOSITIVE            
HIEROBJECT11                                                                    
0.000000000000E+00  0.000000000000E+00  0.000000000000E+00                      
BODY     EBODY6               POSITIVE  PARAMETERSTRUE FALSEFALSEFALSE          
NONE                NONE                NONE                                    
NONE                NONE                NONE                                    
HIEROBJECT12                                                                    
0.000000000000E+00  0.000000000000E+00  0.000000000000E+00                      
1.0000000000000E+00 1.0000000000000E+00 1.0000000000000E+00 1.0000000000000E+00 
0.000000000000E+00  0.000000000000E+00  0.000000000000E+00                      
0.000000000000E+00  0.000000000000E+00  0.000000000000E+00  FALSE               
0.000000000000E+00  0.000000000000E+00  0.000000000000E+00                      
REVOLUTE EREVOLUTE_JOINT1     BODY3               BODY2                         
HIEROBJECT15                                                                    
HIEROBJECT14                                                                    
0.000000000000E+00  0.000000000000E+00  1.0000000000000E+00                     
0.000000000000E+00  0.000000000000E+00  1.0000000000000E+00                     
1.0000000000000E+00 0.000000000000E+00  0.000000000000E+00                      
1.0000000000000E+00 0.000000000000E+00  0.000000000000E+00                      
REVOLUTE EREVOLUTE_JOINT2     BODY3               BODY1                         
HIEROBJECT16                                                                    
HIEROBJECT13                                                                    
0.000000000000E+00  0.000000000000E+00  1.0000000000000E+00                     
0.000000000000E+00  0.000000000000E+00  1.0000000000000E+00                     
1.0000000000000E+00 0.000000000000E+00  0.000000000000E+00                      
1.0000000000000E+00 0.000000000000E+00  0.000000000000E+00                      
GEAR     6GEAR_JOINT1         REVOLUTE_JOINT1     REVOLUTE_JOINT2               
-1.250000000000E-02 1.2500000000000E-02                                         
REVOLUTE EREVOLUTE_JOINT3     BODY6               BODY4                         
HIEROBJECT21                                                                    
HIEROBJECT17                                                                    
0.000000000000E+00  0.000000000000E+00  1.0000000000000E+00                     
0.000000000000E+00  0.000000000000E+00  1.0000000000000E+00                     
1.0000000000000E+00 0.000000000000E+00  0.000000000000E+00                      
1.0000000000000E+00 0.000000000000E+00  0.000000000000E+00                      
REVOLUTE EREVOLUTE_JOINT4     BODY6               BODY5                         
HIEROBJECT22                                                                    
HIEROBJECT19                                                                    
0.000000000000E+00  0.000000000000E+00  1.0000000000000E+00                     
0.000000000000E+00  0.000000000000E+00  1.0000000000000E+00                     
1.0000000000000E+00 0.000000000000E+00  0.000000000000E+00                      
1.0000000000000E+00 0.000000000000E+00  0.000000000000E+00                      
REVOLUTE EREVOLUTE_JOINT5     BODY6               BODY4                         
HIEROBJECT23                                                                    
HIEROBJECT18                                                                    
0.000000000000E+00  0.000000000000E+00  1.0000000000000E+00                     
0.000000000000E+00  0.000000000000E+00  1.0000000000000E+00                     
1.0000000000000E+00 0.000000000000E+00  0.000000000000E+00                      
1.0000000000000E+00 0.000000000000E+00  0.000000000000E+00                      
REVOLUTE EREVOLUTE_JOINT6     BODY6               BODY5                         
HIEROBJECT24                                                                    
HIEROBJECT20                                                                    
0.000000000000E+00  0.000000000000E+00  1.0000000000000E+00                     
0.000000000000E+00  0.000000000000E+00  1.0000000000000E+00                     
1.0000000000000E+00 0.000000000000E+00  0.000000000000E+00                      
1.0000000000000E+00 0.000000000000E+00  0.000000000000E+00                      
DRIVER   GDRIVER_JOINT1       NONE                NONE                POSIT     
REL.ANGLE POLYNOMIAL          NONE                REVOLUTE_JOINT1               
0.000000000000E+00  0.000000000000E+00  0.000000000000E+00  NONE                
0.000000000000E+00  0.000000000000E+00  0.000000000000E+00  NONE                
0.000000000000E+00  0.000000000000E+00  1.0000000000000E+00                     
0.000000000000E+00  0.000000000000E+00  1.0000000000000E+00 0.000000000000E+00  
1.0000000000000E+00 0.000000000000E+00  0.000000000000E+00                      
1.0000000000000E+00 0.000000000000E+00  0.000000000000E+00                      
0.000000000000E+00  0.000000000000E+00  0.000000000000E+00  0.000000000000E+00  
NONE                                                        ACTIV               
UNUSED                                                                          
UNUSED                                                                          
UNUSED                                                                          
UNUSED                                                                          
UNUSED                                                                          
UNUSED                                                                          
UNUSED                                                                          
NAMEMAP   SYSTEM_DATA1        11   11   UTF8 UTF8 ELEMENT                       
Mandatory:1                                                                     
Mandatory:1                                                                     
NAMEMAP   DYNAMIC_DATA1       11   11   UTF8 UTF8 ELEMENT                       
Mandatory:2                                                                     
Mandatory:2                                                                     
NAMEMAP   PRELOAD_DATA1       11   11   UTF8 UTF8 ELEMENT                       
Mandatory:5                                                                     
Mandatory:5                                                                     
NAMEMAP   BODY1               4    4    UTF8 UTF8 ELEMENT                       
B001                                                                            
B001                                                                            
NAMEMAP   BODY1_REF           8    8    UTF8 UTF8 ELEMENT                       
B001_REF                                                                        
B001_REF                                                                        
NAMEMAP   BODY2               4    4    UTF8 UTF8 ELEMENT                       
B002                                                                            
B002                                                                            
NAMEMAP   BODY2_REF           8    8    UTF8 UTF8 ELEMENT                       
B002_REF                                                                        
B002_REF                                                                        
NAMEMAP   BODY3               4    4    UTF8 UTF8 ELEMENT                       
B003                                                                            
B003                                                                            
NAMEMAP   BODY3_REF           8    8    UTF8 UTF8 ELEMENT                       
B003_REF                                                                        
B003_REF                                                                        
NAMEMAP   BODY4               4    4    UTF8 UTF8 ELEMENT                       
B004                                                                            
B004                                                                            
NAMEMAP   BODY4_REF           8    8    UTF8 UTF8 ELEMENT                       
B004_REF                                                                        
B004_REF                                                                        
NAMEMAP   BODY5               4    4    UTF8 UTF8 ELEMENT                       
B005                                                                            
B005                                                                            
NAMEMAP   BODY5_REF           8    8    UTF8 UTF8 ELEMENT                       
B005_REF                                                                        
B005_REF                                                                        
NAMEMAP   BODY6               10   10   UTF8 UTF8 ELEMENT                       
the_ground                                                                      
the_ground                                                                      
NAMEMAP   BODY6_REF           14   14   UTF8 UTF8 ELEMENT                       
the_ground_REF                                                                  
the_ground_REF                                                                  
NAMEMAP   REVOLUTE_JOINT1     4    4    UTF8 UTF8 ELEMENT                       
J001                                                                            
J001                                                                            
NAMEMAP   REVOLUTE_JOINT2     4    4    UTF8 UTF8 ELEMENT                       
J002                                                                            
J002                                                                            
NAMEMAP   GEAR_JOINT1         4    4    UTF8 UTF8 ELEMENT                       
J003                                                                            
J003                                                                            
NAMEMAP   REVOLUTE_JOINT3     4    4    UTF8 UTF8 ELEMENT                       
J004                                                                            
J004                                                                            
NAMEMAP   REVOLUTE_JOINT4     4    4    UTF8 UTF8 ELEMENT                       
J005                                                                            
J005                                                                            
NAMEMAP   REVOLUTE_JOINT5     4    4    UTF8 UTF8 ELEMENT                       
J006                                                                            
J006                                                                            
NAMEMAP   REVOLUTE_JOINT6     4    4    UTF8 UTF8 ELEMENT                       
J007                                                                            
J007                                                                            
NAMEMAP   DRIVER_JOINT1       14   14   UTF8 UTF8 ELEMENT                       
MOTION_J001_RZ                                                                  
MOTION_J001_RZ                                                                  
